733
137
122
864
490
180
350
876
612
939
478
120
141
302
913
920
117
885
352
59
87
942
76
333
58
689
544
802
597
953
123
557
527
179
562
0
929
281
155
486
470
889
679
282
868
260
48
45
417
960
628
963
433
82
634
284
971
598
299
407
239
696
517
493
34
285
848
669
651
268
458
96
371
132
560
999
586
632
12
382
576
954
90
337
487
887
99
379
736
91
938
460
97
681
258
138
462
241
319
98
619
126
828
750
217
854
368
128
746
85
307
645
459
389
31
115
181
635
201
592
905
250
176
902
940
558
225
93
866
566
600
588
961
625
661
529
53
607
895
800
423
421
590
881
545
306
66
900
414
621
332
8
787
843
852
293
753
195
185
589
70
373
154
526
883
422
394
79
216
850
796
213
759
672
384
480
474
727
503
515
771
465
720
402
514
370
378
501
770
858
73
494
801
976
339
749
13
174
551
615
10
471
288
948
403
450
531
525
970
647
543
582
823
410
354
249
254
670
270
779
255
646
408
966
596
554
89
897
387
827
226
227
861
594
454
743
291
975
618
682
256
484
44
271
60
477
240
236
495
84
277
275
357
151
229
102
925
194
675
276
461
364
804
349
765
405
956
604
649
139
15
893
113
457
894
818
100
879
764
50
119
511
283
662
473
353
663
1
366
626
322
509
617
899
974
778
479
204
687
148
867
643
95
665
773
794
208
522
918
62
641
667
485
488
666
676
81
851
435
104
21
653
927
880
741
331
230
508
875
431
573
289
483
109
330
906
608
316
507
259
748
780
202
367
888
642
674
111
388
731
340
559
786
546
22
476
188
265
372
178
952
359
131
704
563
498
742
43
564
668
383
949
602
237
106
424
690
548
937
577
231
129
313
413
769
822
908
528
153
71
870
134
67
328
638
135
840
310
565
101
362
673
996
717
86
830
261
958
343
158
29
878
145
420
309
411
40
427
788
530
11
584
245
616
20
580
447
325
777
583
891
539
211
691
835
873
464
979
726
728
825
88
190
18
149
907
444
595
703
664
345
839
735
636
398
987
242
415
606
399
386
506
540
776
757
605
19
33
912
678
702
694
732
909
784
341
140
947
491
729
698
814
833
335
197
92
763
342
274
708
593
652
475
550
535
967
124
761
990
923
896
112
978
443
207
762
404
890
253
807
187
877
945
734
499
973
614
630
228
946
25
303
849
83
177
269
7
627
412
327
714
147
290
936
747
916
863
637
108
730
311
541
252
933
391
406
785
712
286
162
186
622
723
206
524
308
16
609
871
390
919
847
860
581
385
266
163
61
955
654
64
409
809
752
521
438
287
52
110
633
957
28
984
375
552
782
318
243
725
686
439
989
472
959
3
680
567
650
620
985
537
570
238
709
523
150
292
585
94
397
832
130
191
941
363
164
218
453
574
209
425
962
329
688
482
767
817
317
982
57
838
882
446
334
826
993
684
346
658
660
152
758
853
492
944
536
429
695
950
837
815
884
904
305
504
262
468
235
624
301
781
297
699
810
380
744
542
587
118
125
575
338
489
760
107
46
452
516
789
834
964
30
819
49
210
320
9
300
351
705
768
215
198
17
481
579
200
5
304
931
264
167
872
808
212
175
790
348
170
718
886
553
143
812
214
813
639
921
969
693
192
892
556
677
829
77
469
719
463
935
968
869
189
436
41
279
326
169
774
657
903
173
314
983
934
994
629
500
396
793
932
114
466
442
692
160
358
772
874
418
505
795
792
737
798
756
257
533
685
356
943
233
39
739
914
336
193
991
519
924
144
601
754
603
369
344
4
910
401
862
127
911
865
981
534
700
571
27
323
365
455
142
631
312
105
428
248
220
445
136
246
791
156
928
820
24
683
930
232
915
926
374
272
430
37
707
520
701
716
451
467
6
296
510
448
221
116
72
805
69
80
321
360
901
263
224
63
713
816
859
613
555
806
247
392
295
26
496
561
36
315
836
611
722
842
376
898
992
377
986
103
219
14
648
547
502
440
47
922
591
75
172
55
797
697
803
572
497
811
518
456
724
721
538
65
824
783
157
400
347
223
745
997
856
831
196
659
426
244
273
222
267
821
183
740
416
951
738
995
165
278
32
857
280
977
706
846
578
513
855
841
568
766
569
121
361
799
644
434
711
917
171
715
640
168
671
381
203
844
549
623
998
298
146
532
775
51
393
656
710
166
655
432
512
324
161
133
751
184
755
159
845
2
74
972
610
988
78
395
23
449
54
234
441
437
419
980
38
35
182
294
965
251